0
3.67636e-25
0
1.1897e-23
-1.19492e-23
3.46949e-23
2.56243e-23
0
-2.11521e-23
-3.78512e-23
3.42463e-23
4.21982e-24
5.75338e-23
-4.24824e-24
4.95981e-23
0
4.27794e-24
-4.28558e-24
3.88742e-23
0
0
1.33799e-22
-7.25536e-23
0
1.17416e-22
0
0
8.66284e-24
0
0
0
0
-8.68752e-24
0
8.69539e-24
9.84315e-23
-1.74048e-23
1.74112e-23
-1.74173e-23
1.74231e-23
-1.74287e-23
-1.21202e-22
-1.74389e-23
-1.14818e-22
0
-2.70348e-22
1.74568e-23
-2.59708e-22
-1.01162e-22
-2.49928e-22
-9.64565e-23
-2.40907e-22
-2.01698e-22
-2.32561e-22
0
-1.89841e-22
-1.74904e-23
-1.82624e-22
-2.14192e-22
-1.75893e-22
-2.07695e-22
-1.69599e-22
-2.01613e-22
1.75076e-23
1.78399e-22
-1.75118e-23
-1.5552e-22
-1.87986e-22
-1.50464e-22
1.65565e-22
3.50427e-23
0
1.23664e-22
1.56555e-22
3.50562e-23
0
2.65768e-22
0
0
3.50711e-23
0
2.47298e-22
0
-2.40529e-22
0
-3.04251e-22
0
-4.90932e-22
0
0
-5.43684e-22
0
3.51023e-23
0
-5.22165e-22
0
-2.03372e-22
0
0
-4.97699e-22
0
3.51192e-23
0
-4.79828e-22
0
-1.83012e-22
0
-4.63287e-22
0
0
-3.81401e-22
0
-3.51362e-23
0
-3.66844e-22
0
-4.30223e-22
0
0
-3.50018e-22
0
-4.13971e-22
0
-3.37538e-22
0
-4.01902e-22
0
-3.25842e-22
0
0
-3.51578e-23
0
-3.12214e-22
0
-3.7737e-22
0
-3.02031e-22
0
0
0
7.03349e-23
0
0
0
2.48184e-22
0
0
0
0
7.035e-23
0
0
0
-7.03562e-23
0
0
0
0
7.03634e-23
0
0
0
-7.03689e-23
5.63022e-22
0
0
-4.82503e-22
0
0
0
0
-6.07139e-22
0
0
0
-9.78664e-22
0
0
0
0
-5.80385e-22
0
0
0
7.03948e-23
0
0
0
0
-5.56173e-22
0
0
0
-8.81059e-22
0
0
0
0
-9.97905e-22
0
0
0
-3.84176e-22
0
0
0
0
-9.57684e-22
0
0
0
7.04192e-23
0
0
0
-9.24752e-22
0
0
0
0
-7.64531e-22
0
0
0
-8.90509e-22
0
0
0
0
-7.31782e-22
0
0
0
-8.58906e-22
0
0
0
0
-7.01504e-22
0
0
0
-8.29649e-22
0
0
7.49931e-22
0
7.04435e-23
0
0
0
-8.02486e-22
0
0
0
-6.50132e-22
0
0
0
0
-7.04506e-23
0
0
0
-6.25608e-22
0
0
0
0
-7.53602e-22
0
0
0
-6.02699e-22
0
0
0
0
0
0
1.40921e-22
0
0
0
0
0
0
0
0
4.95024e-22
0
0
0
0
0
0
0
0
1.40936e-22
0
0
0
0
0
0
0
0
-1.40943e-22
0
0
0
0
0
0
0
0
1.30435e-21
0
0
0
0
0
1.14176e-21
0
-1.40955e-22
0
0
-2.24865e-21
0
-1.1175e-21
0
-1.11076e-21
-1.10742e-21
1.40961e-22
-2.20159e-21
0
-1.09425e-21
0
-1.08779e-21
-1.08458e-21
0
-1.07823e-21
-1.40966e-22
-1.07195e-21
0
-1.06575e-21
-2.12535e-21
0
-1.05657e-21
0
-1.05055e-21
1.40971e-22
-2.08917e-21
-1.04163e-21
0
0
0
-1.02998e-21
0
-1.02425e-21
-1.40976e-22
0
-1.01577e-21
0
-1.0102e-21
0
-2.00937e-21
-1.00195e-21
0
1.40981e-22
0
-1.98232e-21
-9.885e-22
0
-9.83221e-22
0
-1.956e-21
0
-1.40986e-22
-9.70267e-22
0
-1.93036e-21
0
-1.92029e-21
0
-9.55165e-22
-9.52694e-22
1.4099e-22
-9.47789e-22
0
-1.88587e-21
0
-9.3813e-22
-9.35746e-22
0
0
-1.40994e-22
-1.85266e-21
0
-9.21693e-22
-1.83878e-21
0
-9.14823e-22
0
-1.8206e-21
1.40998e-22
-1.81164e-21
-1.8072e-21
0
-8.99185e-22
0
0
0
-1.78097e-21
1.63567e-21
0
0
0
-1.7597e-21
0
-1.75133e-21
0
1.41005e-22
-1.73892e-21
0
-1.73075e-21
0
-1.72265e-21
-1.71863e-21
0
-1.71064e-21
-1.41009e-22
-1.70273e-21
0
0
-1.691e-21
0
-1.68327e-21
0
0
1.41012e-22
-1.66802e-21
-1.66425e-21
0
0
0
-1.64934e-21
0
-1.64199e-21
-1.41015e-22
0
-1.63108e-21
0
-1.62389e-21
0
-1.61676e-21
-1.61321e-21
0
1.41018e-22
0
-1.5992e-21
0
0
-1.58885e-21
0
-1.58202e-21
0
-1.41021e-22
0
-1.56855e-21
0
0
0
0
0
0
1.41024e-22
0
0
-1.53583e-21
0
-1.52945e-21
0
0
-1.51998e-21
-1.41027e-22
-1.51374e-21
0
-1.50754e-21
0
1.50139e-21
-1.49834e-21
0
0
1.41029e-22
0
0
-1.48027e-21
-1.4773e-21
0
0
0
-1.46554e-21
-1.41032e-22
-1.45973e-21
0
0
-1.4511e-21
0
-1.4454e-21
0
1.41034e-22
-1.43694e-21
0
-1.43136e-21
0
-1.42581e-21
0
0
-1.41758e-21
-1.41037e-22
-1.41214e-21
0
0
-1.40407e-21
0
-1.39873e-21
0
0
1.41039e-22
-1.38819e-21
-1.38557e-21
0
0
0
-1.37522e-21
0
-1.37011e-21
-1.41041e-22
0
-1.3625e-21
0
-1.35748e-21
0
-1.35249e-21
-1.35001e-21
1.48859e-21
-1.34508e-21
0
-1.34019e-21
-1.33775e-21
0
-1.33291e-21
0
-1.3281e-21
0
0
0
-1.31859e-21
-1.31623e-21
2.82092e-22
0
0
-1.30689e-21
0
0
0
0
-1.2954e-21
0
-1.29085e-21
0
-1.28634e-21
-1.2841e-21
0
-1.27964e-21
0
-1.27521e-21
-1.5551e-21
0
-1.26862e-21
0
-2.52852e-21
0
0
0
-1.25564e-21
-1.2535e-21
0
0
0
-1.24503e-21
0
-2.48166e-21
0
0
-9.52481e-22
0
0
0
-2.45273e-21
-2.44865e-21
0
0
0
0
0
0
0
0
0
0
0
0
-2.67897e-21
0
0
0
0
0
0
0
0
0
2.35847e-21
2.3547e-21
0
0
0
2.33974e-21
0
0
-2.04652e-21
0
0
0
0
0
2.30676e-21
0
0
0
0
0
0
2.28174e-21
0
2.27469e-21
0
-2.82127e-22
0
0
0
-2.25381e-21
0
-2.24693e-21
0
-2.2401e-21
0
-2.23331e-21
0
0
0
-2.21984e-21
0
-4.42634e-21
-4.4197e-21
2.82133e-22
0
-4.39989e-21
0
0
-4.38027e-21
0
-2.18364e-21
-4.36081e-21
-2.17718e-21
0
-4.34153e-21
0
0
0
-4.31609e-21
0
-2.15174e-21
-2.82138e-22
-2.14547e-21
0
-2.13924e-21
0
-2.13304e-21
0
0
-2.12381e-21
-4.24151e-21
-4.23541e-21
0
-4.22327e-21
0
-2.1056e-21
0
-2.09959e-21
0
2.82144e-22
0
-2.08769e-21
0
-2.08179e-21
0
-2.07592e-21
0
0
-2.06718e-21
-4.12856e-21
-2.06139e-21
0
-4.11128e-21
0
-2.04992e-21
0
-4.08845e-21
3.80064e-21
-2.03857e-21
0
-2.03294e-21
0
-4.05469e-21
-2.02456e-21
-2.02178e-21
0
-2.01624e-21
-2.01349e-21
0
-2.008e-21
0
-2.00254e-21
0
-1.9971e-21
4.27095e-21
-1.9917e-21
0
-1.98633e-21
0
-1.98099e-21
0
-1.97567e-21
-1.97303e-21
-1.97039e-21
0
-1.96513e-21
-1.96251e-21
0
-3.91459e-21
0
-1.95211e-21
-1.94952e-21
-2.82158e-22
0
-3.88362e-21
0
0
0
-1.93163e-21
0
0
0
-1.92155e-21
0
-1.91654e-21
0
-3.82314e-21
0
0
-1.90416e-21
2.82162e-22
-1.89925e-21
0
-1.89436e-21
-1.89193e-21
-1.8895e-21
0
-3.76933e-21
0
-1.87985e-21
0
-3.75013e-21
0
-3.74061e-21
0
-1.86557e-21
0
0
3.43484e-21
0
-1.85383e-21
0
-3.69834e-21
0
-1.84454e-21
0
-3.67986e-21
0
-1.83535e-21
0
-3.66157e-21
0
0
0
-3.64345e-21
0
2.0994e-21
-1.81499e-21
0
-1.81053e-21
0
-3.61218e-21
0
-1.80167e-21
0
-3.59454e-21
-1.79508e-21
-1.7929e-21
0
-3.57708e-21
0
0
0
-3.55979e-21
3.27332e-21
0
-3.54693e-21
0
-3.53841e-21
0
0
0
-3.52149e-21
0
-1.75655e-21
-1.75445e-21
-3.50473e-21
0
-3.49641e-21
0
-3.48813e-21
2.82177e-22
0
-3.47579e-21
-3.47169e-21
0
0
-3.45946e-21
0
0
0
-3.44328e-21
0
0
-3.43125e-21
-3.42726e-21
0
0
0
3.1292e-21
-3.40744e-21
0
-3.39957e-21
-3.39565e-21
0
0
0
0
-3.37619e-21
0
-3.36847e-21
0
-3.36079e-21
0
0
0
0
2.82184e-22
0
-3.33416e-21
0
0
-3.32288e-21
0
0
-3.31167e-21
0
0
0
-3.29684e-21
0
-3.28948e-21
0
-3.28215e-21
0
-2.82187e-22
-3.27122e-21
0
0
0
-3.25675e-21
0
-3.24956e-21
0
-3.24241e-21
0
0
0
-3.2282e-21
0
0
0
-3.21411e-21
3.49279e-21
-3.20711e-21
0
-3.20014e-21
0
0
-3.18974e-21
0
0
0
-3.17599e-21
0
-3.16915e-21
0
-3.16235e-21
0
0
2.87001e-21
-3.14883e-21
0
0
0
0
0
0
0
0
-3.11882e-21
0
-3.11223e-21
-3.10895e-21
-3.10567e-21
0
-3.09914e-21
0
2.82196e-22
0
-3.08615e-21
0
-3.0797e-21
0
-3.07327e-21
0
-3.06687e-21
0
0
-3.05732e-21
0
-3.05099e-21
0
-3.04468e-21
0
-3.0384e-21
2.75307e-21
0
0
0
0
-3.01971e-21
0
-3.01353e-21
0
0
0
0
-2.9982e-21
0
-2.99211e-21
0
-2.98604e-21
0
2.82202e-22
0
0
0
-2.96799e-21
-2.965e-21
-2.96202e-21
0
-2.95608e-21
0
0
0
-2.94426e-21
0
0
-2.93546e-21
0
-2.92962e-21
2.6445e-21
0
0
-2.91801e-21
0
-2.91224e-21
-2.90936e-21
-2.90649e-21
0
-2.90077e-21
0
-2.89507e-21
0
-2.88939e-21
0
-2.88373e-21
-2.88091e-21
3.1603e-21
-2.87528e-21
0
0
0
-2.8641e-21
0
-2.85854e-21
-2.85577e-21
-2.85301e-21
0
-2.84749e-21
0
-2.842e-21
0
-2.83652e-21
0
-2.83107e-21
2.54614e-21
0
-2.82293e-21
0
-2.81753e-21
0
-2.81215e-21
0
-2.80679e-21
0
-2.80145e-21
0
-2.79614e-21
0
-2.79084e-21
0
-2.78556e-21
0
3.06251e-21
-2.77768e-21
0
-2.77245e-21
0
-2.76724e-21
0
-2.76205e-21
0
-2.75688e-21
0
-2.75173e-21
0
-2.7466e-21
-2.74404e-21
-2.74149e-21
0
-2.7364e-21
2.45164e-21
0
-2.72879e-21
0
-2.72374e-21
0
-2.71872e-21
0
-2.71371e-21
0
0
0
-2.70374e-21
0
-2.69879e-21
-2.69632e-21
2.97607e-21
-2.69139e-21
0
-2.68648e-21
0
-2.68159e-21
0
-2.67672e-21
-2.67429e-21
-2.67186e-21
0
-2.66703e-21
0
0
0
-2.6574e-21
0
-2.65262e-21
0
-2.64785e-21
0
-2.6431e-21
0
-2.63836e-21
0
-2.63364e-21
0
0
5.64437e-22
0
-2.62192e-21
-2.61959e-21
-2.61726e-21
0
-5.22524e-21
0
-2.60799e-21
0
0
-2.60109e-21
0
0
0
-2.59193e-21
0
-2.58738e-21
0
-2.58284e-21
0
-2.57832e-21
0
-2.57381e-21
0
-2.56932e-21
0
0
0
-2.56039e-21
0
0
0
-2.55152e-21
0
-2.54711e-21
-3.10935e-21
0
-2.54052e-21
0
-2.53614e-21
0
-2.53178e-21
0
-2.52744e-21
-2.52527e-21
-2.52311e-21
0
-2.51879e-21
0
0
-2.51235e-21
0
-2.50807e-21
0
-2.50381e-21
0
-2.49956e-21
0
-2.49532e-21
-2.49321e-21
-4.98221e-21
0
-2.4869e-21
-2.4848e-21
-2.4827e-21
0
-2.47853e-21
0
-2.47436e-21
0
-2.47021e-21
5.64452e-22
0
0
0
-4.9198e-21
0
0
0
-4.90342e-21
0
0
-4.89121e-21
0
0
0
0
-4.87099e-21
0
0
0
-4.85493e-21
-4.85093e-21
0
-4.84296e-21
0
0
0
-4.82709e-21
0
-4.81919e-21
0
-4.81132e-21
-4.80739e-21
0
-4.79956e-21
-5.64459e-22
0
0
0
-4.78009e-21
0
0
-4.76848e-21
0
0
0
0
0
-4.74544e-21
-4.74162e-21
-4.7378e-21
0
0
0
0
0
0
0
0
0
0
0
0
0
0
0
-4.67762e-21
0
0
0
0
5.64465e-22
0
0
-4.64809e-21
0
0
0
0
0
0
-4.62256e-21
0
0
0
-4.6081e-21
0
0
0
-4.59373e-21
-4.59015e-21
0
-4.58301e-21
0
0
-4.57234e-21
-4.56879e-21
0
0
0
0
0
0
0
0
0
-5.64471e-22
-4.53015e-21
-4.52667e-21
0
0
0
9.0256e-21
9.01869e-21
0
4.50245e-21
4.49901e-21
0
4.49215e-21
4.48873e-21
8.97063e-21
0
4.47849e-21
4.47509e-21
4.4717e-21
0
8.92984e-21
4.46154e-21
8.91632e-21
8.90958e-21
4.45142e-21
4.44806e-21
0
4.44136e-21
8.87602e-21
4.43467e-21
4.43133e-21
4.428e-21
4.42468e-21
0
4.41804e-21
4.41473e-21
5.64477e-22
4.40812e-21
0
4.40154e-21
4.39825e-21
0
4.3917e-21
4.38842e-21
8.77031e-21
4.3819e-21
8.75728e-21
4.37539e-21
4.37214e-21
0
4.36566e-21
4.36243e-21
0
4.35598e-21
8.70552e-21
8.69909e-21
0
4.34313e-21
0
8.67348e-21
4.33355e-21
4.33036e-21
4.32718e-21
0
8.64167e-21
4.31767e-21
4.31451e-21
0
0
4.30505e-21
4.30191e-21
0
-5.64483e-22
0
4.28938e-21
8.57251e-21
4.28314e-21
8.56006e-21
0
8.54764e-21
4.27072e-21
4.26763e-21
0
0
8.51675e-21
4.2553e-21
4.25223e-21
4.24916e-21
0
0
8.47997e-21
4.23694e-21
4.23389e-21
0
4.22781e-21
8.44956e-21
8.44351e-21
0
4.21571e-21
8.4254e-21
0
4.20668e-21
8.40736e-21
4.20068e-21
0
4.1947e-21
4.19172e-21
5.64488e-22
0
4.18279e-21
4.17982e-21
4.17686e-21
0
4.17094e-21
8.33599e-21
4.16505e-21
4.1621e-21
4.15917e-21
4.15623e-21
8.3066e-21
4.15038e-21
8.29491e-21
4.14454e-21
0
8.27743e-21
8.27162e-21
4.13291e-21
0
4.12712e-21
4.12423e-21
0
0
8.23117e-21
4.11271e-21
4.10984e-21
8.21395e-21
4.10412e-21
4.10126e-21
0
4.09556e-21
8.18542e-21
0
8.17407e-21
-5.64493e-22
4.08137e-21
0
4.07572e-21
0
4.07009e-21
4.06728e-21
4.06448e-21
4.06167e-21
8.11775e-21
0
8.10658e-21
4.0505e-21
0
8.08989e-21
4.04217e-21
8.07879e-21
0
4.03386e-21
4.0311e-21
8.0567e-21
0
4.02285e-21
4.0201e-21
4.01736e-21
4.01462e-21
8.02378e-21
0
0
8.00742e-21
4.00099e-21
3.99828e-21
0
7.98571e-21
3.99015e-21
5.64498e-22
0
3.98206e-21
3.97937e-21
7.95337e-21
0
7.94265e-21
0
0
7.92662e-21
3.96064e-21
3.95798e-21
0
3.95267e-21
3.95002e-21
3.94738e-21
0
0
3.93946e-21
0
3.9342e-21
3.93157e-21
0
0
3.92372e-21
3.9211e-21
3.9185e-21
0
3.91329e-21
3.91069e-21
3.9081e-21
3.90551e-21
7.80584e-21
3.90034e-21
0
7.79036e-21
-5.64502e-22
0
0
7.76981e-21
3.88235e-21
3.87979e-21
0
7.74937e-21
3.87214e-21
7.73919e-21
7.73411e-21
7.72904e-21
3.86199e-21
0
7.71386e-21
7.70881e-21
7.70377e-21
3.84937e-21
7.69371e-21
3.84435e-21
0
3.83933e-21
3.83683e-21
3.83434e-21
3.83184e-21
3.82935e-21
3.82687e-21
7.64876e-21
0
7.63884e-21
3.81695e-21
0
3.81201e-21
7.61909e-21
0
0
5.64506e-22
3.79972e-21
3.79727e-21
0
0
3.78994e-21
7.575e-21
0
7.56528e-21
0
3.77779e-21
7.55073e-21
3.77295e-21
7.54107e-21
3.76812e-21
3.76571e-21
7.52662e-21
7.52181e-21
0
3.75611e-21
7.50743e-21
3.75133e-21
0
7.49311e-21
3.74417e-21
0
3.73942e-21
3.73705e-21
7.46936e-21
7.46463e-21
7.4599e-21
3.72759e-21
0
0
3.72053e-21
-5.6451e-22
3.71584e-21
3.71349e-21
3.71116e-21
3.70882e-21
0
7.40831e-21
7.40366e-21
7.39901e-21
7.39436e-21
7.38973e-21
7.38509e-21
3.69023e-21
0
7.37123e-21
3.68331e-21
0
0
3.67642e-21
7.34825e-21
0
3.66955e-21
0
3.66498e-21
0
7.32086e-21
3.65816e-21
0
7.30724e-21
7.30271e-21
7.29818e-21
0
0
7.28465e-21
7.28015e-21
7.27565e-21
5.64514e-22
0
7.2622e-21
0
7.25326e-21
7.2488e-21
0
0
7.23544e-21
3.6155e-21
0
0
3.60886e-21
3.60665e-21
3.60444e-21
7.20447e-21
3.60004e-21
7.19568e-21
0
7.1869e-21
7.18252e-21
0
7.17377e-21
7.16941e-21
3.58252e-21
0
3.57817e-21
7.152e-21
7.14766e-21
3.57166e-21
7.139e-21
3.56734e-21
3.56518e-21
7.12605e-21
7.12174e-21
7.11744e-21
-4.12109e-21
7.10885e-21
7.10456e-21
7.10028e-21
0
7.09174e-21
3.54373e-21
7.08321e-21
3.53948e-21
3.53735e-21
7.07046e-21
7.06622e-21
3.53099e-21
3.52888e-21
0
0
7.04509e-21
3.52044e-21
3.51834e-21
3.51624e-21
3.51414e-21
7.02409e-21
0
7.01573e-21
3.50578e-21
7.00739e-21
7.00322e-21
6.99906e-21
3.49745e-21
3.49538e-21
0
3.49123e-21
6.97833e-21
0
0
5.64522e-22
6.96184e-21
6.95773e-21
0
6.94952e-21
6.94543e-21
0
6.93725e-21
6.93317e-21
0
0
0
6.91689e-21
6.91283e-21
0
0
6.90068e-21
6.89664e-21
6.89261e-21
6.88858e-21
6.88456e-21
0
0
6.87251e-21
0
0
6.86051e-21
0
0
0
6.84456e-21
6.84059e-21
0
6.83266e-21
6.8287e-21
6.82474e-21
-7.38532e-21
0
6.8129e-21
6.80897e-21
6.80503e-21
0
0
0
6.78935e-21
0
6.78154e-21
0
6.77374e-21
6.76985e-21
6.76596e-21
0
0
6.75432e-21
0
6.74659e-21
6.74273e-21
6.73887e-21
0
6.73117e-21
0
6.72349e-21
0
6.71583e-21
0
6.70818e-21
6.70436e-21
6.70055e-21
6.69674e-21
0
6.68914e-21
5.64528e-22
6.68155e-21
6.67777e-21
0
6.67021e-21
0
0
6.6589e-21
6.65514e-21
6.65138e-21
0
6.64388e-21
6.64013e-21
0
0
0
6.6252e-21
0
6.61776e-21
0
6.61033e-21
0
6.60292e-21
0
0
6.59184e-21
6.58816e-21
6.58447e-21
0
6.57712e-21
6.57345e-21
6.56979e-21
6.56613e-21
6.56247e-21
6.55882e-21
6.55517e-21
-5.64532e-22
6.54788e-21
6.54425e-21
0
0
6.53336e-21
6.52974e-21
0
6.52251e-21
6.5189e-21
6.5153e-21
6.5117e-21
6.5081e-21
6.50451e-21
6.50092e-21
6.49734e-21
6.49375e-21
6.49018e-21
0
6.48304e-21
6.47947e-21
6.47591e-21
6.47235e-21
6.4688e-21
6.46525e-21
0
6.45816e-21
0
6.45109e-21
6.44756e-21
6.44403e-21
0
0
0
6.42997e-21
6.42646e-21
5.64535e-22
6.41946e-21
6.41596e-21
6.41247e-21
6.40898e-21
0
0
6.39854e-21
0
6.3916e-21
6.38814e-21
0
0
6.37776e-21
6.37431e-21
6.37087e-21
0
6.36398e-21
6.36055e-21
6.35712e-21
6.35369e-21
0
6.34685e-21
0
6.34002e-21
6.33661e-21
0
0
6.3264e-21
6.323e-21
0
0
6.31284e-21
6.30946e-21
6.30608e-21
-5.64538e-22
6.29934e-21
6.29598e-21
0
6.28925e-21
6.2859e-21
6.28255e-21
6.2792e-21
6.27586e-21
0
0
6.26584e-21
6.26251e-21
6.25919e-21
6.25586e-21
0
6.24923e-21
6.24591e-21
0
6.2393e-21
6.236e-21
0
6.2294e-21
6.22611e-21
0
0
6.21626e-21
6.21298e-21
6.20971e-21
0
6.20317e-21
6.1999e-21
6.19664e-21
6.19339e-21
6.19013e-21
6.18688e-21
5.6454e-22
6.18039e-21
6.17715e-21
6.17392e-21
0
0
6.16423e-21
6.161e-21
0
0
6.15135e-21
6.14814e-21
0
0
6.13853e-21
0
6.13215e-21
6.12896e-21
6.12577e-21
6.12259e-21
0
6.11623e-21
6.11306e-21
0
6.10672e-21
6.10356e-21
0
6.09724e-21
6.09409e-21
6.09094e-21
0
6.08465e-21
0
0
6.07523e-21
-5.64543e-22
6.06898e-21
6.06585e-21
0
6.05961e-21
6.0565e-21
0
6.05028e-21
6.04717e-21
6.04407e-21
0
6.03788e-21
0
6.0317e-21
0
6.02553e-21
6.02245e-21
0
0
0
6.01016e-21
0
0
0
0
5.99487e-21
5.99182e-21
0
0
5.9827e-21
5.97966e-21
5.97663e-21
0
0
5.96755e-21
5.96452e-21
5.64546e-22
0
5.95548e-21
5.95247e-21
5.94947e-21
5.94646e-21
0
5.94047e-21
0
5.93448e-21
5.9315e-21
0
0
5.92255e-21
5.91958e-21
0
5.91364e-21
5.91067e-21
5.90771e-21
5.90474e-21
0
5.89883e-21
5.89588e-21
5.89293e-21
5.88999e-21
5.88704e-21
0
5.88117e-21
5.87823e-21
0
0
5.86945e-21
5.86653e-21
0
0
5.85778e-21
-5.64548e-22
5.85196e-21
5.84905e-21
5.84615e-21
0
0
5.83746e-21
0
5.83168e-21
0
5.82592e-21
5.82304e-21
0
5.81729e-21
0
5.81155e-21
5.80869e-21
5.80582e-21
5.80296e-21
5.80011e-21
0
5.7944e-21
5.79155e-21
0
0
5.78303e-21
5.78019e-21
0
5.77452e-21
5.7717e-21
5.76887e-21
0
5.76323e-21
5.76041e-21
5.75759e-21
5.64551e-22
5.75197e-21
5.74917e-21
5.74636e-21
5.74356e-21
5.74076e-21
5.73797e-21
5.73518e-21
5.73239e-21
5.7296e-21
5.72681e-21
0
5.72125e-21
5.71848e-21
5.7157e-21
0
5.71016e-21
5.7074e-21
0
5.70187e-21
5.69911e-21
5.69636e-21
0
5.69086e-21
5.68811e-21
5.68536e-21
0
0
5.67715e-21
0
0
5.66895e-21
0
0
5.66078e-21
5.65806e-21
-5.64553e-22
0
5.64992e-21
5.64722e-21
5.64451e-21
0
0
5.63641e-21
0
5.63102e-21
5.62833e-21
0
0
5.62028e-21
5.6176e-21
5.61492e-21
0
5.60958e-21
5.60691e-21
0
5.60158e-21
5.59892e-21
5.59626e-21
0
5.59095e-21
5.58829e-21
5.58564e-21
5.583e-21
5.58035e-21
5.57771e-21
0
5.57244e-21
5.5698e-21
5.56717e-21
5.56454e-21
5.64555e-22
5.55929e-21
5.55667e-21
0
5.55143e-21
5.54882e-21
5.54621e-21
5.5436e-21
5.54099e-21
5.53839e-21
5.53578e-21
0
5.53059e-21
5.52799e-21
0
0
5.52022e-21
5.51764e-21
0
5.51248e-21
0
5.50732e-21
5.50475e-21
5.50218e-21
5.49961e-21
5.49705e-21
5.49448e-21
5.49192e-21
5.48936e-21
0
5.48425e-21
5.4817e-21
5.47915e-21
5.47661e-21
5.47406e-21
5.47152e-21
-5.64558e-22
5.46644e-21
5.46391e-21
5.46138e-21
5.45885e-21
5.45632e-21
5.45379e-21
5.45127e-21
0
5.44623e-21
5.44371e-21
5.4412e-21
5.43869e-21
5.43618e-21
5.43367e-21
0
5.42867e-21
5.42617e-21
5.42367e-21
5.42117e-21
5.41868e-21
5.41619e-21
5.4137e-21
0
5.40873e-21
5.40625e-21
0
0
5.39882e-21
5.39634e-21
0
5.39141e-21
0
5.6456e-22
0
5.38156e-21
5.3791e-21
5.37665e-21
0
5.37174e-21
5.3693e-21
5.36685e-21
0
5.36196e-21
5.35953e-21
5.35709e-21
5.35465e-21
0
5.34979e-21
0
5.34494e-21
5.34252e-21
0
0
5.33526e-21
5.33284e-21
0
0
5.32561e-21
5.32321e-21
5.3208e-21
5.3184e-21
5.316e-21
0
5.31121e-21
5.30882e-21
5.30643e-21
0
5.30165e-21
5.29927e-21
5.29688e-21
0
5.29213e-21
5.28975e-21
0
5.285e-21
5.28264e-21
5.28027e-21
5.2779e-21
5.27554e-21
5.27318e-21
5.27082e-21
0
5.26611e-21
5.26376e-21
0
5.25906e-21
5.25671e-21
5.25437e-21
-6.38115e-21
5.24968e-21
5.24735e-21
5.24501e-21
5.24268e-21
0
5.23802e-21
0
5.23336e-21
5.23104e-21
5.22872e-21
5.2264e-21
0
5.22177e-21
5.21945e-21
5.21714e-21
0
0
5.21022e-21
5.20792e-21
0
5.20332e-21
0
0
5.19644e-21
5.19414e-21
5.19186e-21
5.18957e-21
5.18729e-21
5.185e-21
5.18272e-21
0
5.17817e-21
5.17589e-21
0
5.17135e-21
5.16908e-21
5.16681e-21
0
5.16229e-21
5.16003e-21
5.15777e-21
5.15551e-21
5.15326e-21
5.151e-21
1.02975e-20
5.1465e-21
5.14426e-21
5.14201e-21
0
0
5.13529e-21
5.13305e-21
5.13082e-21
5.12858e-21
0
0
5.12189e-21
5.11967e-21
1.02349e-20
0
5.113e-21
5.11079e-21
5.10857e-21
5.10636e-21
0
5.10193e-21
0
5.09752e-21
5.09532e-21
5.09311e-21
1.12913e-21
0
5.08652e-21
5.08432e-21
1.01643e-20
0
5.07775e-21
5.07556e-21
0
5.07119e-21
5.06901e-21
5.06683e-21
5.06465e-21
5.06248e-21
0
5.05813e-21
0
5.05379e-21
1.01033e-20
0
5.0473e-21
5.04514e-21
5.04298e-21
0
5.03866e-21
5.03651e-21
5.03436e-21
5.03221e-21
5.03006e-21
5.02791e-21
5.02577e-21
5.02363e-21
5.02149e-21
5.01935e-21
0
1.00301e-20
5.01294e-21
5.01081e-21
0
5.00655e-21
5.00442e-21
0
5.00018e-21
4.99806e-21
4.99594e-21
4.99382e-21
4.9917e-21
4.98959e-21
0
4.98537e-21
4.98326e-21
4.98115e-21
0
4.97695e-21
4.97484e-21
4.97274e-21
0
4.96855e-21
9.93291e-21
0
4.96227e-21
4.96018e-21
4.9581e-21
4.95601e-21
9.90786e-21
4.95185e-21
4.94977e-21
0
4.94561e-21
4.94354e-21
4.94146e-21
4.93939e-21
-1.12914e-21
0
4.93319e-21
9.86225e-21
0
0
0
0
9.84165e-21
0
9.83344e-21
0
0
9.82114e-21
9.81705e-21
9.81297e-21
9.80888e-21
9.8048e-21
0
0
9.79258e-21
9.78851e-21
0
9.78038e-21
9.77633e-21
0
9.76822e-21
0
0
0
9.75205e-21
0
0
0
0
9.73192e-21
0
0
9.71987e-21
0
0
9.70786e-21
0
0
0
0
0
0
9.67995e-21
0
0
0
9.66407e-21
9.66011e-21
0
9.6522e-21
0
9.6443e-21
0
9.63641e-21
0
9.62853e-21
0
9.62067e-21
9.61675e-21
0
9.6089e-21
0
9.60107e-21
0
0
1.12915e-21
0
0
0
0
0
0
0
0
9.55436e-21
0
0
0
9.53889e-21
0
9.53118e-21
0
0
9.51963e-21
0
0
0
0
9.50044e-21
9.49661e-21
0
0
0
0
0
9.4737e-21
0
0
9.46229e-21
0
9.4547e-21
0
0
0
0
0
9.43199e-21
0
0
0
9.41692e-21
9.41316e-21
0
0
0
0
0
9.39065e-21
9.38691e-21
0
9.37944e-21
9.37571e-21
9.37198e-21
9.36825e-21
0
9.36081e-21
0
0
0
0
0
9.33855e-21
9.33485e-21
9.33116e-21
0
9.32377e-21
-1.12915e-21
9.3164e-21
0
0
9.30536e-21
0
0
0
0
9.28703e-21
0
9.27971e-21
0
0
0
9.26512e-21
0
0
0
9.25057e-21
9.24694e-21
0
0
9.23607e-21
9.23245e-21
0
9.22522e-21
0
9.21801e-21
9.2144e-21
9.2108e-21
0
0
9.20001e-21
9.19642e-21
9.19284e-21
0
9.18567e-21
0
0
9.17494e-21
9.17137e-21
9.1678e-21
9.16424e-21
9.16067e-21
9.15712e-21
0
0
0
9.1429e-21
0
9.13582e-21
9.13228e-21
9.12874e-21
9.1252e-21
9.12167e-21
9.11814e-21
0
0
0
9.10405e-21
0
9.09702e-21
9.09351e-21
9.09e-21
0
0
9.0795e-21
0
0
0
1.12916e-21
0
0
0
0
0
0
9.04118e-21
9.03771e-21
0
-9.03079e-21
-1.80547e-20
0
-1.80408e-20
0
-9.01352e-21
-9.01007e-21
0
-9.00318e-21
-8.99975e-21
0
-8.99288e-21
-8.98945e-21
-8.98602e-21
-8.98259e-21
0
-8.97575e-21
-8.97233e-21
-8.96892e-21
-8.96551e-21
-8.9621e-21
0
-8.95529e-21
0
0
-8.94509e-21
0
-8.9383e-21
-1.78698e-20
-8.93153e-21
-1.78563e-20
-8.92476e-21
0
-8.91801e-21
-8.91463e-21
0
-8.90789e-21
0
-8.90117e-21
-8.8978e-21
0
-1.77822e-20
-8.88774e-21
0
0
-8.87769e-21
0
-1.7742e-20
0
0
-1.7722e-20
0
-8.85434e-21
-8.85102e-21
0
-1.76887e-20
-8.84106e-21
0
-8.83443e-21
0
-8.82781e-21
-1.12917e-21
0
-8.8179e-21
-8.8146e-21
-8.81131e-21
-8.80801e-21
0
-8.80143e-21
-8.79815e-21
0
-8.79158e-21
-1.75766e-20
0
-8.78175e-21
0
-8.77521e-21
-1.75439e-20
0
0
-8.76216e-21
0
-8.75565e-21
-8.7524e-21
0
-8.7459e-21
0
-8.73942e-21
-8.73618e-21
0
-8.7297e-21
-8.72647e-21
0
-8.72001e-21
-8.71679e-21
-8.71356e-21
-1.74207e-20
0
-8.70391e-21
-8.7007e-21
0
-8.69428e-21
-1.73821e-20
0
-8.68466e-21
0
0
-8.67507e-21
0
-8.66869e-21
0
0
-8.65913e-21
-8.65595e-21
0
-8.6496e-21
-8.64643e-21
0
-1.72802e-20
0
-8.63376e-21
-8.63059e-21
0
-1.72486e-20
-8.62112e-21
-8.61797e-21
-1.72296e-20
-8.61167e-21
0
-1.72108e-20
-8.60224e-21
-1.71982e-20
-8.59596e-21
1.83148e-20
-8.5897e-21
0
0
-1.71606e-20
0
-1.71481e-20
0
0
-8.56472e-21
-8.56161e-21
0
-1.71108e-20
-8.55229e-21
0
-1.70922e-20
0
-8.53989e-21
0
0
-1.70612e-20
-8.52753e-21
0
0
-8.51829e-21
0
-1.70243e-20
0
0
-8.50292e-21
0
-8.49679e-21
-1.69874e-20
-1.69813e-20
-8.48761e-21
-8.48455e-21
0
-8.47844e-21
-8.4754e-21
-8.47235e-21
-1.69386e-20
0
-8.46322e-21
-1.69204e-20
0
-1.69082e-20
-1.69022e-20
0
-8.44502e-21
0
-8.43897e-21
-8.43595e-21
0
-8.42992e-21
-1.68538e-20
0
-8.42088e-21
-8.41787e-21
0
-8.41186e-21
0
-8.40586e-21
-1.68057e-20
0
-1.67938e-20
-1.67878e-20
0
-8.38791e-21
0
0
-8.37896e-21
7.24681e-21
-1.6746e-20
-8.37004e-21
0
-8.36409e-21
0
-1.67163e-20
-8.3552e-21
0
-8.34928e-21
-8.34632e-21
0
-1.66808e-20
0
0
-1.66631e-20
0
-1.66514e-20
-8.32274e-21
0
-1.66337e-20
-8.31393e-21
0
-8.30807e-21
-1.66103e-20
0
-8.29929e-21
0
-8.29345e-21
-1.65811e-20
0
-8.2847e-21
-8.28179e-21
-8.27888e-21
-8.27597e-21
-8.27307e-21
0
-8.26726e-21
0
-8.26147e-21
-8.25857e-21
0
-8.25279e-21
0
0
-1.64883e-20
-1.64825e-20
0
0
0
-8.22973e-21
-1.64537e-20
0
-8.22112e-21
-1.64365e-20
0
-8.21252e-21
-8.20966e-21
0
0
0
-1.63965e-20
-8.19539e-21
0
0
-8.18685e-21
0
-1.63623e-20
-8.17832e-21
0
-1.63453e-20
9.299e-21
-8.16699e-21
-8.16416e-21
-8.16133e-21
-8.1585e-21
-1.63114e-20
0
-8.15004e-21
-8.14722e-21
-1.62888e-20
-8.14159e-21
0
-1.62719e-20
-8.13316e-21
0
-8.12755e-21
-8.12475e-21
0
0
0
-8.11356e-21
-8.11077e-21
0
0
-8.1024e-21
0
-8.09683e-21
-8.09405e-21
0
-1.6177e-20
0
-1.61659e-20
-1.61604e-20
0
-8.07464e-21
-8.07187e-21
0
-1.61327e-20
-8.06359e-21
0
-1.61161e-20
0
-8.05257e-21
-1.60996e-20
0
-1.60886e-20
-8.04158e-21
0
-1.60722e-20
0
0
-8.02788e-21
0
-8.02241e-21
0
0
-8.01423e-21
-1.6023e-20
0
-1.60121e-20
-8.00334e-21
0
-7.99791e-21
0
-7.99248e-21
-7.98977e-21
0
-1.59687e-20
-1.59633e-20
-7.97895e-21
-7.97625e-21
6.84437e-21
-7.97086e-21
-7.96816e-21
0
-7.96278e-21
-7.96009e-21
0
-7.95471e-21
0
-7.94935e-21
-7.94667e-21
0
-7.94131e-21
0
0
-1.58666e-20
-7.93062e-21
0
-1.58506e-20
0
-1.58399e-20
-1.58346e-20
0
-7.91198e-21
-7.90933e-21
0
-7.90402e-21
-1.58027e-20
-1.57974e-20
-1.57922e-20
0
-7.89079e-21
-1.57763e-20
0
0
-7.88023e-21
0
-7.87497e-21
-1.57447e-20
-7.86971e-21
-7.86708e-21
0
-7.86183e-21
-7.85921e-21
-7.85659e-21
-7.85397e-21
-1.57027e-20
0
-1.56922e-20
-7.84351e-21
0
-7.8383e-21
0
-1.56662e-20
-7.83048e-21
0
-7.82528e-21
-7.82268e-21
0
0
-7.8149e-21
0
-7.80972e-21
0
0
-7.80197e-21
0
-7.7968e-21
-7.79422e-21
0
-1.55781e-20
-1.5573e-20
8.91312e-21
-7.78136e-21
-7.77879e-21
-7.77622e-21
-7.77366e-21
0
-7.76853e-21
-1.55319e-20
0
-1.55217e-20
0
-1.55115e-20
-1.55064e-20
0
-7.7481e-21
-1.54911e-20
0
-7.74046e-21
0
0
-7.73284e-21
0
-7.72777e-21
-1.54505e-20
0
-7.72018e-21
-7.71765e-21
0
-7.7126e-21
-1.54201e-20
0
-1.54101e-20
0
-7.7e-21
-7.69748e-21
0
-1.53849e-20
-7.68994e-21
-1.53749e-20
-7.68493e-21
-7.68242e-21
0
-1.53548e-20
0
-1.53448e-20
-1.53398e-20
0
-7.66493e-21
0
0
-1.53149e-20
-1.53099e-20
0
0
0
-7.64504e-21
-7.64256e-21
0
-1.52752e-20
-7.63513e-21
0
-7.63019e-21
-1.52554e-20
-1.52505e-20
-7.62278e-21
0
-1.52357e-20
-7.61539e-21
-1.52259e-20
-7.61048e-21
-1.5216e-20
6.47637e-21
-1.52062e-20
0
-1.51964e-20
-7.59576e-21
0
-7.59086e-21
-1.51768e-20
-1.5172e-20
-7.58354e-21
0
-7.57866e-21
-1.51524e-20
-1.51476e-20
-7.57135e-21
-1.51378e-20
0
-7.56406e-21
-1.51233e-20
0
-1.51136e-20
0
-1.51039e-20
0
0
-1.50894e-20
-1.50845e-20
0
0
-1.50701e-20
0
-7.53022e-21
0
0
-1.5046e-20
0
-7.51821e-21
-1.50316e-20
-7.51342e-21
-7.51102e-21
-7.50863e-21
0
-7.50385e-21
-1.50029e-20
-1.49981e-20
-7.49669e-21
0
-7.49192e-21
-1.49791e-20
0
-7.48478e-21
-1.49648e-20
0
-7.47766e-21
0
-7.47291e-21
-1.49411e-20
0
-7.46581e-21
-7.46345e-21
0
-7.45872e-21
-1.49127e-20
0
-7.45165e-21
0
-1.48939e-20
-7.44459e-21
0
-7.43989e-21
-1.48751e-20
1.59996e-20
-7.43285e-21
0
-1.48563e-20
-1.48516e-20
0
-7.42114e-21
-7.41881e-21
0
-1.48283e-20
-1.48236e-20
0
-7.40715e-21
0
-7.40249e-21
-7.40017e-21
0
-7.39552e-21
0
0
-7.38857e-21
-1.47725e-20
0
-1.47632e-20
0
-1.4754e-20
-7.37469e-21
0
-1.47402e-20
-1.47356e-20
0
-7.36317e-21
-7.36087e-21
-7.35857e-21
-7.35628e-21
0
-1.47034e-20
-7.3494e-21
-1.46942e-20
-1.46896e-20
-7.34253e-21
0
-1.46759e-20
0
0
-1.46622e-20
0
-7.32655e-21
-1.46485e-20
-7.32199e-21
-7.31972e-21
-1.46349e-20
0
-1.46258e-20
-1.46213e-20
0
-7.3061e-21
0
-7.30158e-21
-7.29931e-21
0
-1.45896e-20
-1.45851e-20
0
0
-1.45715e-20
0
-1.45625e-20
0
0
-7.27453e-21
6.14308e-21
-7.27004e-21
0
-1.45311e-20
-1.45266e-20
0
-7.25884e-21
-1.45132e-20
-7.25437e-21
-7.25214e-21
-7.24991e-21
0
-7.24545e-21
-1.44865e-20
-1.4482e-20
-7.23878e-21
0
-1.44687e-20
-1.44642e-20
0
-7.22768e-21
-1.44509e-20
0
0
0
-7.21661e-21
-1.44288e-20
0
0
-7.20778e-21
0
-7.20337e-21
-1.44023e-20
0
-7.19677e-21
0
-1.43848e-20
-7.19019e-21
0
-1.43716e-20
-7.18361e-21
0
-1.43585e-20
-1.43541e-20
-1.43497e-20
-7.17268e-21
0
-1.43366e-20
-1.43323e-20
0
-1.43236e-20
-7.1596e-21
0
-1.43105e-20
0
0
-7.14874e-21
0
-1.42888e-20
0
0
-7.13792e-21
-7.13576e-21
0
-7.13144e-21
-1.42586e-20
0
-1.42499e-20
0
-1.42413e-20
-1.4237e-20
0
1.12921e-21
-1.42241e-20
-7.10992e-21
-1.42156e-20
0
-1.4207e-20
-7.10135e-21
0
-1.41941e-20
-1.41899e-20
0
-7.09067e-21
0
0
-7.08427e-21
0
-1.416e-20
0
0
-1.41473e-20
-1.4143e-20
0
-7.06728e-21
-7.06516e-21
0
-7.06092e-21
0
-1.41134e-20
0
0
-1.41007e-20
-7.04825e-21
0
0
-7.04194e-21
0
-1.40755e-20
0
0
-1.40629e-20
0
-7.02724e-21
-1.40503e-20
-1.40461e-20
-1.40419e-20
-7.01886e-21
0
-1.40294e-20
-1.40252e-20
-1.4021e-20
-7.00843e-21
0
-7.00426e-21
-1.40044e-20
0
-6.99802e-21
-1.39919e-20
0
-6.99179e-21
0
-1.39753e-20
-1.39711e-20
0
0
-6.97937e-21
0
-1.39505e-20
-1.39463e-20
0
-1.39381e-20
0
-1.12921e-21
-1.39257e-20
-1.39216e-20
-1.39175e-20
0
-1.39093e-20
0
-1.39011e-20
-1.3897e-20
0
0
-1.38847e-20
-1.38806e-20
0
-1.38725e-20
0
-1.38643e-20
-1.38602e-20
0
0
0
0
-1.38399e-20
0
0
-1.38277e-20
0
0
-1.38155e-20
0
-1.38074e-20
-1.38034e-20
0
-1.37953e-20
-1.37913e-20
0
-1.37832e-20
0
0
0
0
-1.37631e-20
-1.37591e-20
-1.3755e-20
-1.3751e-20
-1.3747e-20
0
-1.3739e-20
0
-1.3731e-20
-1.3727e-20
0
0
0
0
-1.3707e-20
-1.37031e-20
0
0
0
-1.36871e-20
-1.36832e-20
0
-1.36752e-20
-1.36713e-20
0
-1.36633e-20
-1.36594e-20
0
0
0
1.12921e-21
-1.36396e-20
0
0
-1.36278e-20
0
-1.36199e-20
0
-1.3612e-20
-1.36081e-20
0
0
-1.35963e-20
-1.35924e-20
-1.35885e-20
-1.35846e-20
0
-1.35767e-20
-1.35728e-20
-1.35689e-20
-1.3565e-20
0
-1.35572e-20
0
0
0
-1.35416e-20
0
0
0
-1.35261e-20
-1.35222e-20
0
0
-1.35106e-20
0
-1.35028e-20
0
0
-1.34912e-20
0
-1.34835e-20
0
-1.34758e-20
-1.3472e-20
0
0
-1.34604e-20
0
0
-1.34489e-20
0
0
0
0
-1.34297e-20
-1.34259e-20
0
-1.34183e-20
0
0
-1.34068e-20
0
0
0
0
-1.33878e-20
-1.3384e-20
0
0
0
-1.12922e-21
-1.3365e-20
0
0
-1.33536e-20
0
-1.33461e-20
0
-1.33385e-20
-1.33347e-20
0
-1.33272e-20
-1.33234e-20
0
-1.33159e-20
-1.33122e-20
0
-1.33046e-20
0
-1.32971e-20
-1.32934e-20
0
0
0
0
-1.32747e-20
-1.32709e-20
0
0
0
-1.3256e-20
-1.32523e-20
0
-1.32448e-20
-1.32411e-20
0
-1.32337e-20
-1.32299e-20
0
-1.32225e-20
0
-1.32151e-20
-1.32114e-20
0
0
0
0
-1.31929e-20
-1.31892e-20
0
-1.31818e-20
0
-1.31745e-20
-1.31708e-20
-1.31671e-20
-1.31634e-20
0
0
-1.31524e-20
-1.31487e-20
0
-1.31414e-20
0
-1.31341e-20
-1.31304e-20
0
-1.31231e-20
-1.31195e-20
0
0
-1.31085e-20
1.42341e-20
-1.31012e-20
0
0
-1.30903e-20
0
-1.3083e-20
0
-1.30758e-20
-1.30722e-20
0
-1.30649e-20
-1.30613e-20
-1.30577e-20
-1.30541e-20
-1.30504e-20
0
-1.30432e-20
0
0
-1.30324e-20
0
-1.30252e-20
-1.30216e-20
0
-1.30144e-20
-1.30108e-20
0
-1.30036e-20
0
0
-1.29929e-20
0
-1.29857e-20
-1.29821e-20
0
-1.2975e-20
-1.29714e-20
0
0
-1.29607e-20
0
-1.29536e-20
0
-1.29465e-20
0
0
-1.29358e-20
0
-1.29287e-20
-1.29252e-20
0
0
0
0
-1.29075e-20
-1.29039e-20
0
-1.28969e-20
0
0
-1.28863e-20
-1.28828e-20
0
0
0
-1.28687e-20
-1.28652e-20
0
0
-1.28547e-20
0
-1.12922e-21
0
-1.28407e-20
-1.28372e-20
0
-1.28302e-20
-1.28267e-20
0
-1.28197e-20
0
-1.28127e-20
-1.28093e-20
0
0
-1.27988e-20
0
-1.27919e-20
-1.27884e-20
-1.27849e-20
-1.27815e-20
0
0
-1.27711e-20
-1.27676e-20
-1.27642e-20
-1.27607e-20
0
-1.27538e-20
-1.27504e-20
0
-1.27435e-20
0
-1.27366e-20
0
0
-1.27263e-20
-1.27228e-20
0
0
-1.27125e-20
0
-1.27057e-20
0
0
-1.26954e-20
0
-1.26886e-20
0
-1.26817e-20
-1.26783e-20
-1.26749e-20
0
-1.26681e-20
-1.26647e-20
-1.26613e-20
-1.26579e-20
0
-1.26511e-20
-1.26477e-20
0
0
-1.26375e-20
0
-1.26308e-20
0
-1.2624e-20
-1.26206e-20
0
-1.26139e-20
0
0
1.12923e-21
0
0
0
0
-1.25869e-20
-1.25835e-20
0
-1.25768e-20
0
0
-1.25668e-20
0
-1.25601e-20
-1.25567e-20
0
-1.255e-20
-1.25467e-20
0
-1.254e-20
-1.25367e-20
0
-1.253e-20
0
-1.25234e-20
-1.252e-20
0
-1.25134e-20
0
0
-1.25034e-20
-1.25001e-20
0
-1.24935e-20
0
0
0
0
-1.24769e-20
-1.24736e-20
0
-1.2467e-20
-1.24638e-20
-1.24605e-20
-1.24572e-20
0
-1.24506e-20
-1.24473e-20
-1.2444e-20
0
-1.24374e-20
0
-1.24309e-20
0
0
-1.2421e-20
0
-1.24145e-20
-1.24112e-20
-1.2408e-20
-1.24047e-20
-1.24014e-20
0
-1.23949e-20
-1.23917e-20
0
-1.23851e-20
0
-1.23786e-20
-1.23754e-20
0
-1.12923e-21
0
-1.23624e-20
0
0
-1.23527e-20
-1.23494e-20
0
0
-1.23397e-20
0
-1.23333e-20
0
-1.23268e-20
-1.23236e-20
0
-1.23172e-20
-1.2314e-20
-1.23107e-20
-1.23075e-20
-1.23043e-20
0
-1.22979e-20
-1.22947e-20
-1.22915e-20
-1.22883e-20
0
-1.22819e-20
-1.22787e-20
0
-1.22723e-20
-1.22691e-20
0
0
0
-1.22563e-20
-1.22531e-20
0
0
-1.22436e-20
0
-1.22372e-20
-1.2234e-20
0
-1.22277e-20
0
-1.22214e-20
-1.22182e-20
0
-1.22119e-20
-1.22087e-20
0
-1.22024e-20
-1.21992e-20
-1.21961e-20
-1.21929e-20
0
-1.21866e-20
-1.21834e-20
0
0
-1.2174e-20
0
-1.21677e-20
0
0
-1.21583e-20
-1.21552e-20
0
0
0
1.12923e-21
-1.21395e-20
0
-1.21333e-20
0
-1.2127e-20
-1.21239e-20
0
-1.21177e-20
-1.21146e-20
0
0
-1.21052e-20
-1.21021e-20
-1.2099e-20
0
-1.20928e-20
-1.20897e-20
0
0
-1.20804e-20
0
0
0
0
-1.20649e-20
0
-1.20588e-20
0
0
-1.20495e-20
-1.20464e-20
0
-1.20403e-20
0
0
0
0
0
0
0
-1.20157e-20
-1.20127e-20
0
0
-1.20035e-20
0
-1.19974e-20
0
0
0
0
-1.19821e-20
-1.19791e-20
-1.1976e-20
-1.1973e-20
-1.19699e-20
0
-1.19639e-20
-1.19608e-20
0
-1.19548e-20
0
-1.19487e-20
-1.19457e-20
0
-1.19396e-20
-1.19366e-20
0
-1.19306e-20
0
-1.19245e-20
-1.12923e-21
0
0
0
0
-1.19064e-20
0
0
-1.18974e-20
0
0
-1.18884e-20
-1.18854e-20
-1.18824e-20
0
-1.18764e-20
-1.18735e-20
-1.18705e-20
0
-1.18645e-20
0
-1.18585e-20
-1.18555e-20
0
-1.18496e-20
0
-1.18436e-20
-1.18406e-20
0
-1.18347e-20
-1.18317e-20
0
-1.18258e-20
0
0
-1.18169e-20
0
0
-1.1808e-20
0
-1.18021e-20
-1.17991e-20
0
-1.17932e-20
-1.17903e-20
0
-1.17844e-20
0
-1.17785e-20
-1.17756e-20
0
-1.17697e-20
-1.17667e-20
-1.17638e-20
-1.17609e-20
-1.17579e-20
0
-1.17521e-20
0
-1.17462e-20
-1.17433e-20
0
-1.17374e-20
0
0
-1.17287e-20
-1.17258e-20
0
0
-1.1717e-20
0
1.12924e-21
0
-1.17054e-20
-1.17025e-20
0
-1.16967e-20
0
-1.16909e-20
0
0
-1.16822e-20
-1.16793e-20
0
0
-1.16706e-20
0
-1.16648e-20
0
-1.1659e-20
-1.16562e-20
0
-1.16504e-20
-1.16475e-20
-1.16446e-20
-1.16418e-20
0
0
-1.16331e-20
-1.16303e-20
-1.16274e-20
-1.16245e-20
0
-1.16188e-20
-1.16159e-20
0
-1.16102e-20
-1.16074e-20
0
0
0
-1.15959e-20
0
0
0
-1.15845e-20
0
-1.15788e-20
-1.1576e-20
0
-1.15703e-20
0
0
-1.15618e-20
-1.1559e-20
-1.15561e-20
-1.15533e-20
0
-1.15476e-20
-1.15448e-20
0
-1.15392e-20
0
-1.15335e-20
-1.15307e-20
0
-1.1525e-20
-1.15222e-20
0
-1.15166e-20
0
0
-1.12924e-21
0
-1.15025e-20
-1.14997e-20
0
-1.14941e-20
0
-1.14885e-20
-1.14857e-20
0
-1.14801e-20
-1.14773e-20
0
-1.14717e-20
-1.1469e-20
0
-1.14634e-20
0
-1.14578e-20
-1.1455e-20
0
-1.14495e-20
-1.14467e-20
0
-1.14411e-20
-1.14383e-20
0
-1.14328e-20
0
-1.14272e-20
-1.14245e-20
0
-1.14189e-20
0
0
-1.14106e-20
-1.14079e-20
0
-1.14024e-20
0
-1.13968e-20
-1.13941e-20
0
-1.13886e-20
-1.13858e-20
0
-1.13803e-20
-1.13776e-20
-1.13748e-20
-1.13721e-20
0
-1.13666e-20
-1.13639e-20
0
0
-1.13557e-20
0
-1.13502e-20
-1.13475e-20
-1.13447e-20
-1.1342e-20
-1.13393e-20
0
-1.13338e-20
-1.13311e-20
-1.13284e-20
-1.13256e-20
0
-1.13202e-20
-1.13175e-20
0
1.12924e-21
0
-1.13066e-20
0
0
-1.12985e-20
-1.12958e-20
0
0
0
-1.1285e-20
-1.12823e-20
0
0
-1.12742e-20
0
0
-1.12661e-20
-1.12634e-20
-1.12607e-20
0
-1.12553e-20
-1.12526e-20
-1.125e-20
-1.12473e-20
-1.12446e-20
0
-1.12392e-20
0
0
-1.12312e-20
0
-1.12258e-20
-1.12232e-20
0
-1.12178e-20
-1.12152e-20
0
-1.12098e-20
0
0
-1.12018e-20
0
-1.11965e-20
-1.11938e-20
0
-1.11885e-20
-1.11859e-20
0
-1.11806e-20
-1.11779e-20
0
-1.11726e-20
0
-1.11673e-20
0
0
-1.11594e-20
-1.11567e-20
-1.11541e-20
-1.11515e-20
-1.11488e-20
0
-1.11436e-20
0
-1.11383e-20
-1.11357e-20
0
-1.11304e-20
0
0
-1.12924e-21
0
0
0
0
-1.11094e-20
-1.11068e-20
0
-1.11016e-20
0
-1.10963e-20
-1.10937e-20
0
-1.10885e-20
-1.10859e-20
0
-1.10807e-20
-1.10781e-20
-1.10755e-20
-1.10729e-20
0
-1.10677e-20
0
0
-1.10599e-20
-1.10573e-20
0
-1.10521e-20
-1.10495e-20
-1.10469e-20
-1.10443e-20
0
-1.10392e-20
-1.10366e-20
-1.1034e-20
-1.10314e-20
-1.10288e-20
0
-1.10237e-20
-1.10211e-20
0
-1.10159e-20
0
-1.10108e-20
0
0
-1.10031e-20
-1.10005e-20
0
0
-1.09928e-20
0
-1.09877e-20
0
0
-1.098e-20
0
-1.09749e-20
-1.09723e-20
-1.09698e-20
-1.09672e-20
-1.09647e-20
0
-1.09596e-20
-1.0957e-20
0
-1.09519e-20
0
-1.09469e-20
-1.09443e-20
0
-1.09392e-20
1.20659e-20
-1.09342e-20
0
0
-1.09265e-20
-1.0924e-20
0
0
-1.09164e-20
0
-1.09114e-20
0
-1.09063e-20
-1.09038e-20
0
-1.08988e-20
-1.08962e-20
0
-1.08912e-20
-1.08887e-20
0
-1.08837e-20
0
0
-1.08761e-20
0
-1.08711e-20
-1.08686e-20
0
-1.08636e-20
-1.08611e-20
0
-1.08561e-20
0
-1.08511e-20
-1.08486e-20
0
-1.08436e-20
0
0
-1.08361e-20
-1.08336e-20
0
-1.08286e-20
0
-1.08237e-20
-1.08212e-20
0
-1.08162e-20
-1.08137e-20
0
-1.08088e-20
-1.08063e-20
-1.08038e-20
-1.08013e-20
0
-1.07964e-20
-1.07939e-20
-1.07915e-20
-1.0789e-20
-1.07865e-20
0
-1.07816e-20
0
0
-1.07742e-20
9.64247e-21
-1.30278e-20
-8.5083e-21
-1.30228e-20
-8.50339e-21
-2.2585e-21
-8.49847e-21
-1.3013e-20
-8.49357e-21
-1.30081e-20
-8.48866e-21
-2.2585e-21
-8.48376e-21
-2.2585e-21
2.2585e-21
-1.29934e-20
2.2585e-21
-1.29885e-20
2.2585e-21
-2.2585e-21
-8.46421e-21
-1.29788e-20
2.2585e-21
-2.2585e-21
-8.45446e-21
-2.2585e-21
-8.4496e-21
-2.2585e-21
-8.44473e-21
-1.29593e-20
2.2585e-21
-1.29544e-20
-8.43502e-21
-1.29496e-20
-8.43017e-21
-1.29447e-20
2.2585e-21
-1.29399e-20
-8.42048e-21
-1.29351e-20
-8.41564e-21
-2.2585e-21
-8.41081e-21
-1.29254e-20
2.2585e-21
-1.29206e-20
-8.40116e-21
-2.2585e-21
2.2585e-21
-2.2585e-21
-8.39152e-21
-1.29061e-20
2.2585e-21
-2.2585e-21
-8.3819e-21
-2.2585e-21
-8.3771e-21
-1.28917e-20
2.2585e-21
-1.28869e-20
-8.36751e-21
-2.2585e-21
-8.36272e-21
-2.2585e-21
-8.35794e-21
-1.28725e-20
2.2585e-21
-1.28678e-20
-8.34838e-21
-1.2863e-20
-8.34361e-21
-1.28582e-20
2.2585e-21
-1.28535e-20
2.2585e-21
-1.28487e-20
-8.32932e-21
-2.2585e-21
-8.32456e-21
-2.2585e-21
2.2585e-21
-1.28344e-20
-8.31507e-21
-2.2585e-21
2.2585e-21
-2.2585e-21
-8.30559e-21
-1.28202e-20
2.2585e-21
-1.28155e-20
-8.29612e-21
-2.2585e-21
-8.2914e-21
-1.2806e-20
-1.88319e-20
-1.28013e-20
2.2585e-21
-1.27966e-20
-8.27725e-21
-1.27919e-20
-8.27254e-21
-1.27872e-20
2.2585e-21
-1.27825e-20
-8.26313e-21
-2.2585e-21
-8.25844e-21
-2.2585e-21
-8.25375e-21
-2.2585e-21
2.2585e-21
-1.27637e-20
0
-8.24204e-21
-1.27567e-20
2.2585e-21
-1.2752e-20
2.2585e-21
-1.27474e-20
-8.22802e-21
-2.2585e-21
-8.22335e-21
-1.2738e-20
2.2585e-21
-1.27334e-20
2.2585e-21
-2.2585e-21
-8.20939e-21
-2.2585e-21
-8.20474e-21
-2.2585e-21
2.2585e-21
-1.27148e-20
-8.19545e-21
-2.2585e-21
-8.19082e-21
-1.27055e-20
2.2585e-21
-1.27009e-20
2.2585e-21
-1.26963e-20
-8.17694e-21
-2.2585e-21
-8.17232e-21
-1.2687e-20
-8.1677e-21
-1.26824e-20
-8.16309e-21
-2.2585e-21
-8.15849e-21
-1.26732e-20
-8.15388e-21
-1.26686e-20
2.25851e-21
-1.2664e-20
2.25851e-21
-2.25851e-21
-8.1401e-21
-1.26548e-20
2.25851e-21
-2.25851e-21
2.25851e-21
-1.26457e-20
-8.12635e-21
-2.25851e-21
2.25851e-21
-1.26365e-20
2.25851e-21
-1.26319e-20
-8.11264e-21
-1.26274e-20
-8.10808e-21
-2.25851e-21
-8.10352e-21
-1.26183e-20
2.25851e-21
-2.25851e-21
-8.09441e-21
-2.25851e-21
-8.08987e-21
-1.26046e-20
2.25851e-21
-1.26001e-20
2.25851e-21
-1.25955e-20
-8.07625e-21
-2.25851e-21
-8.07172e-21
-1.25865e-20
2.25851e-21
-1.25819e-20
-8.06267e-21
-2.25851e-21
-8.05815e-21
-2.25851e-21
-8.05364e-21
-1.25684e-20
2.25851e-21
-1.25639e-20
-8.04462e-21
-2.25851e-21
-8.04012e-21
-1.25549e-20
2.25851e-21
-1.25504e-20
-8.03113e-21
-1.25459e-20
-8.02664e-21
-2.25851e-21
-8.02215e-21
-1.25369e-20
-8.01767e-21
-1.25324e-20
-8.01319e-21
-2.25851e-21
-1.82759e-20
-2.25851e-21
2.25851e-21
-1.2519e-20
2.25851e-21
-1.25146e-20
2.25851e-21
-2.25851e-21
-7.99085e-21
-1.25056e-20
2.25851e-21
-2.25851e-21
-7.98194e-21
-2.25851e-21
-7.97749e-21
-2.25851e-21
-7.97305e-21
-1.24878e-20
2.25851e-21
-1.24834e-20
-7.96417e-21
-2.25851e-21
2.25851e-21
-1.24745e-20
2.25851e-21
-1.24701e-20
2.25851e-21
-2.25851e-21
-7.94646e-21
-2.25851e-21
-7.94205e-21
-1.24569e-20
2.25851e-21
-1.24524e-20
-7.93322e-21
-2.25851e-21
-7.92882e-21
-1.24436e-20
-7.92442e-21
0
-1.2437e-20
-7.91782e-21
-1.24326e-20
-7.91343e-21
-1.24283e-20
2.25851e-21
-1.24239e-20
2.25851e-21
-1.24195e-20
-7.90027e-21
-2.25851e-21
-7.89589e-21
-2.25851e-21
2.25851e-21
-1.24064e-20
-7.88715e-21
-2.25851e-21
2.25851e-21
-2.25851e-21
-7.87842e-21
-1.23933e-20
2.25851e-21
-1.23889e-20
-7.86971e-21
-2.25851e-21
-7.86536e-21
-1.23802e-20
-7.86101e-21
-1.23759e-20
2.25851e-21
-1.23715e-20
-7.85233e-21
-1.23672e-20
-7.84799e-21
-1.23628e-20
2.25851e-21
-1.23585e-20
-7.83933e-21
-2.25851e-21
-7.835e-21
-2.25851e-21
-1.79199e-20
-1.23455e-20
-7.82636e-21
-1.23412e-20
-7.82205e-21
-2.25851e-21
-7.81774e-21
-1.23326e-20
2.25851e-21
-1.23283e-20
2.25851e-21
-1.2324e-20
-7.80483e-21
-2.25851e-21
-7.80053e-21
-1.23154e-20
2.25851e-21
-1.23111e-20
-7.79195e-21
-2.25851e-21
-7.78767e-21
-2.25851e-21
-7.78339e-21
-1.22983e-20
2.25851e-21
-1.2294e-20
-7.77484e-21
-2.25851e-21
-7.77057e-21
-1.22855e-20
2.25851e-21
-2.23039e-20
2.25851e-21
-1.22769e-20
-7.75778e-21
-2.25851e-21
-7.75352e-21
-2.25851e-21
2.25851e-21
-1.22642e-20
-7.74502e-21
-2.25851e-21
-7.74078e-21
-1.22557e-20
2.25852e-21
-1.22514e-20
2.25852e-21
-2.22359e-20
-7.72807e-21
-2.25852e-21
-7.72384e-21
-1.22388e-20
-7.71961e-21
-1.22345e-20
-7.71539e-21
-2.25852e-21
-1.76808e-20
-2.25852e-21
2.25852e-21
-1.22219e-20
2.25852e-21
-1.22177e-20
-7.69853e-21
-1.22135e-20
-7.69432e-21
-1.22093e-20
2.25852e-21
-1.22051e-20
-7.68592e-21
-1.22009e-20
-7.68173e-21
-2.25852e-21
-7.67754e-21
-1.21925e-20
2.25852e-21
-1.21883e-20
-7.66917e-21
-2.25852e-21
-7.66499e-21
-2.25852e-21
-7.66081e-21
-2.2093e-20
2.25852e-21
-2.25852e-21
-7.65246e-21
-2.25852e-21
-7.6483e-21
-1.21633e-20
2.25852e-21
-1.21591e-20
2.25852e-21
-1.21549e-20
-7.63582e-21
-2.25852e-21
-7.63167e-21
-1.21466e-20
2.25852e-21
-1.21425e-20
-7.62337e-21
-2.25852e-21
-7.61923e-21
0
-2.20057e-20
-7.61302e-21
-1.2128e-20
-7.60889e-21
-2.25852e-21
-1.7468e-20
-2.25852e-21
2.25852e-21
-2.25852e-21
2.25852e-21
-2.19645e-20
-1.74433e-20
-2.25852e-21
-1.74351e-20
-2.25852e-21
2.25852e-21
-2.19398e-20
2.25852e-21
-2.25852e-21
2.25852e-21
-2.25852e-21
-1.74022e-20
-2.25852e-21
2.25852e-21
-2.25852e-21
-1.73858e-20
-2.25852e-21
2.25852e-21
-2.25852e-21
2.25852e-21
-2.25852e-21
2.25852e-21
-2.25852e-21
2.25852e-21
-2.25852e-21
-1.7345e-20
-2.25852e-21
2.25852e-21
-2.25852e-21
2.25852e-21
-2.25852e-21
-1.73205e-20
-2.25852e-21
-1.73124e-20
-2.18254e-20
2.25852e-21
-2.18173e-20
-1.72962e-20
-2.25852e-21
2.25852e-21
-2.25852e-21
2.25852e-21
-2.17929e-20
2.25852e-21
-2.17848e-20
-1.72638e-20
-2.25852e-21
-1.72557e-20
-2.17687e-20
2.25852e-21
-2.17606e-20
-1.72395e-20
-2.17525e-20
-1.72315e-20
-2.25852e-21
-1.72234e-20
-2.25852e-21
2.25852e-21
-2.25852e-21
-1.72073e-20
-2.25852e-21
-1.71993e-20
-2.17123e-20
2.25852e-21
-2.17043e-20
2.25852e-21
-2.16963e-20
-1.71752e-20
-2.25852e-21
2.25852e-21
-2.25852e-21
2.25852e-21
-2.25852e-21
2.25852e-21
-2.25852e-21
2.25852e-21
-2.16563e-20
2.25852e-21
-2.25852e-21
2.25852e-21
-2.16403e-20
2.25852e-21
-2.25852e-21
2.25852e-21
-2.16244e-20
2.25852e-21
-2.16164e-20
2.25852e-21
-2.25852e-21
-1.70875e-20
-2.25852e-21
-1.70795e-20
-2.25852e-21
-1.70716e-20
-2.25852e-21
2.25852e-21
-2.25852e-21
-1.70558e-20
-2.25852e-21
2.25852e-21
-2.25852e-21
-1.70399e-20
-2.1553e-20
2.25852e-21
-2.25852e-21
2.25852e-21
-2.25852e-21
2.25852e-21
-2.15294e-20
2.25852e-21
-2.15215e-20
2.25852e-21
-2.15136e-20
2.25852e-21
-2.25852e-21
-1.69848e-20
-2.25852e-21
2.25852e-21
-2.25852e-21
2.25852e-21
-2.25852e-21
-1.69612e-20
-2.14744e-20
2.25852e-21
-2.25852e-21
2.25852e-21
-2.25852e-21
2.25852e-21
-2.25852e-21
-1.69299e-20
-2.25852e-21
0
-1.69182e-20
-2.25852e-21
-1.69104e-20
-2.14236e-20
2.25852e-21
-2.25853e-21
2.25853e-21
-2.25853e-21
-1.68871e-20
-2.25853e-21
-1.68793e-20
-2.25853e-21
2.25853e-21
-2.25853e-21
2.25853e-21
-2.13769e-20
2.25853e-21
-2.13692e-20
2.25853e-21
-2.13614e-20
2.25853e-21
-2.25853e-21
-1.68328e-20
-2.25853e-21
2.25853e-21
-2.25853e-21
2.25853e-21
-2.13305e-20
2.25853e-21
-2.13228e-20
2.25853e-21
-2.25853e-21
-1.67942e-20
-2.25853e-21
2.25853e-21
-2.25853e-21
2.25853e-21
-2.1292e-20
-1.67711e-20
-2.25853e-21
-1.67634e-20
-2.25853e-21
-1.67558e-20
-2.25853e-21
2.25853e-21
-2.25853e-21
2.25853e-21
-2.12537e-20
-1.67328e-20
-2.25853e-21
2.25853e-21
-2.25853e-21
-1.67175e-20
-2.25853e-21
2.25853e-21
-2.12231e-20
2.25853e-21
-2.12155e-20
2.25853e-21
-2.25853e-21
2.25853e-21
-2.12002e-20
-1.66794e-20
-2.25853e-21
2.25853e-21
-2.25853e-21
2.25853e-21
-2.25853e-21
2.25853e-21
-2.25853e-21
2.25853e-21
-2.11622e-20
-1.66414e-20
-2.25853e-21
2.25853e-21
-2.25853e-21
-1.66262e-20
-2.25853e-21
-1.66187e-20
-2.25853e-21
2.25853e-21
-2.25853e-21
2.25853e-21
-2.25853e-21
2.25853e-21
